92
14
78
8
61
27
39
84
42
29
84
53
40
86
3
52
22
34
18
4
4
38
41
63
87
19
19
6
36
87
86
36
88
3
64
42
50
54
69
98
64
78
4
78
40
49
22
97
69
19
78
85
83
71
66
0
85
44
7
88
11
98
15
13
96
2
24
79
40
3
78
66
7
3
75
87
97
6
35
28
39
77
14
19
53
32
2
91
2
42
2
17
36
2
5
67
69
3
54
63
50
28
56
15
16
63
45
16
9
57
11
45
64
4
50
30
37
83
51
94
75
2
75
63
74
86
65
5
81
84
9
50
45
99
20
93
97
87
61
44
26
14
78
81
14
35
13
26
28
54
32
13
79
51
7
15
83
81
17
79
35
71
57
16
93
55
82
84
48
23
79
25
8
62
25
15
15
47
56
95
54
72
72
98
42
34
65
97
93
97
42
58
28
32
55
49
14
96
18
37
80
62
48
2
89
75
78
27
38
67
86
16
6
90
57
16
76
67
42
97
30
1
81
17
82
77
7
88
24
35
49
48
90
2
84
94
19
19
51
22
12
68
28
19
74
34
18
36
6
37
45
99
18
30
96
13
56
12
12
99
26
10
1
83
68
32
42
15
80
65
66
63
87
34
62
34
24
85
95
28
10
5
48
35
47
26
93
13
98
33
62
80
41
19
19
85
76
67
87
71
37
77
85
63
49
84
67
63
61
20
24
84
91
95
31
33
23
71
38
25
85
26
55
64
81
60
40
43
2
33
98
39
5
23
74
37
33
67
15
24
9
58
53
98
62
70
59
68
35
96
61
70
72
65
52
60
78
99
46
7
68
62
67
51
95
63
35
66
4
3
75
78
92
55
78
25
97
19
8
90
15
24
76
43
51
54
24
74
87
43
19
77
40
0
36
3
70
34
98
24
17
8
31
81
21
7
75
86
43
14
21
33
87
1
5
57
26
34
84
83
53
77
9
64
29
49
39
39
15
94
1
58
8
1
86
1
45
46
28
19
72
83
94
55
54
55
67
79
78
65
51
83
8
23
30
40
84
94
72
43
34
1
23
33
69
58
0
26
52
97
17
68
84
5
76
18
66
96
9
77
98
35
54
82
20
15
0
61
51
62
68
15
11
86
99
92
85
45
70
40
18
34
54
4
12
16
35
83
93
46
25
56
34
87
72
36
29
75
21
25
64
46
98
98
65
41
11
64
71
40
20
79
90
43
71
55
43
54
50
70
4
95
42
43
31
86
3
60
34
29
92
97
74
38
87
6
65
78
22
39
59
92
81
2
89
23
60
18
54
81
98
55
74
9
55
67
32
39
31
96
72
8
64
31
58
9
50
77
31
6
16
16
53
72
74
59
55
66
9
12
95
69
6
38
44
7
38
3
53
8
73
50
87
84
47
2
35
0
88
41
99
79
84
32
14
45
46
60
12
61
14
29
48
31
38
75
43
25
34
35
86
82
9
84
47
78
28
35
57
74
9
24
20
31
88
86
69
55
38
91
32
14
43
14
73
15
20
46
21
64
39
48
36
40
6
84
51
96
62
97
92
57
60
95
84
61
51
91
18
17
29
90
6
82
17
2
36
25
74
46
62
74
9
97
58
76
16
79
89
36
19
80
41
55
85
62
13
45
5
62
82
24
48
18
23
34
78
86
35
16
8
93
32
77
4
79
36
43
28
85
83
48
6
13
23
60
45
61
32
79
74
43
24
15
58
75
11
81
71
81
41
97
63
57
61
3
64
53
42
48
86
47
30
22
35
36
34
73
52
88
72
88
14
19
4
56
76
85
18
59
61
80
82
4
14
36
78
86
73
64
97
36
61
58
41
82
78
75
71
26
73
27
83
98
85
13
7
81
49
64
72
16
18
41
71
44
66
64
19
81
95
6
68
31
94
93
66
34
70
92
96
15
13
30
43
91
87
58
55
46
26
40
20
29
3
43
51
10
22
42
28
57
6
90
56
25
88
47
19
75
81
95
51
79
35
20
69
78
60
77
90
49
19
93
7
8
89
44
38
45
47
62
40
40
46
49
23
57
28
80
97
46
54
3
60
99
40
75
21
87
28
26
92
99
83
74
29
31
2
68
45
63
29
0
68
32
19
6
67
19
89
59
88
69
5
24
89
39
75
61
26
30
35
82
67
15
78
85
69
85
60
11
30
93
7
52
60
59
9
78
79
69
84
66
27
98
86
67
48
54
85
55
22
91
65
16
29
71
33
8
61
53
49
94
59
74
6
2
52
63
44
83
96
33
88
7
51
72
69
31
